90
9
1 2433 6609 2370 1057 5104 9482 6876 322
10
9922 1665 198 1809 7450 4817 184 2078 2814 4376
9
4376 4705 9098 817 3126 8722 2609 4737 3217
7
8882 626 1102 5808 9376 1602 8865
2
8129 8177
1
9617
2
897 3000
8
8225 4529 7250 8273 2097 1 626 2817
6
337 3265 6625 577 5233 9169
7
4993 9345 6225 5558 1 2305 9376
4
3108 1558 7057 1
7
1 9745 7930 4945 4138 9140 2225
5
1025 4214 6497 7377 7857
5
9409 1745 1057 3569 1
2
7702 3658
2
1442 626
2
8126 9376
8
3570 4882 6289 5842 1876 6272 5617 6369
2
2478 3185
10
1025 1137 626 3212 9345 1730 4625 8126 8865 3169
7
626 5498 1249 3537 1297 2058 1
2
5182 1
10
1922 7282 1 9882 337 6433 4817 3530 2033 398
2
3878 5953
6
4273 9362 6802 2402 1078 4376
6
817 9649 626 9970 8577 2210
7
5450 8689 7313 2497 6882 6625 6225
1
9344
7
1344 5777 2974 3126 1377 2657 5210
1
1508
7
6177 257 5626 7969 1876 2737 4650
6
626 9425 6812 4962 5202 4376
2
7457 2162
2
1 4722
9
2817 97 5537 8354 626 7962 8432 4417 3102
2
5185 5374
7
1 130 2808 758 882 8257 2209
5
8177 1937 7393 626 2932
2
1 9522
1
4097
2
8225 6876
2
7025 626
10
8145 4497 3832 1 7002 4050 2482 1 1 2
6
2170 8625 5626 2002 7249 1
10
49 626 6977 7649 49 626 97 177 4182 1444
7
7618 6289 7704 9537 5713 5450 4689
7
4962 5918 2302 6753 8177 3329 9057
9
2900 4897 622 6876 1297 1 1 7282 5250
7
4382 9489 3377 2705 6450 3370 2162
2
8114 9170
7
3202 626 4945 5626 2410 7090 2497
4
8970 2530 962 2
10
8524 9042 40 7185 2897 7457 7777 9217 9937 4625
7
7642 1502 5626 1 1905 1217 5626
2
1442 7262
2
5626 7370
6
4897 7425 193 305 7522 7185
5
2577 6625 4162 9217 562
7
5105 626 250 7793 7745 1 2792
2
4433 9710
7
4817 970 8802 5042 1570 8642 626
6
8817 6402 4577 8737 8578 9904
5
1 2225 1 8620 8625
7
2602 9850 4504 6625 9522 1 1
10
202 5626 8054 6833 6209 3969 2820 100 1 1
3
8062 9768 5468
5
8082 626 3410 3057 3142
2
7137 9482
5
626 1 2577 7442 5122
5
4376 8126 690 3126 6562
2
6962 626
1
2758
8
3120 8369 3697 4193 7922 1 5922 2977
6
5552 7873 6852 4642 4082 4558
10
7322 1969 1 6177 2977 7777 4702 5137 5626 2097
7
1162 65 1 385 3777 2657 278
10
5169 3345 1 7985 1 9377 6444 8722 1250 9217
6
4130 9537 8097 1 562 2402
7
7969 1377 2242 6662 7537 6288 9694
2
626 2402
9
8305 8126 1 2962 3137 3850 2980 1345 6689
3
1057 7617 6625
2
865 9169
3
9212 7562 626
2
9362 9376
5
6737 9265 7970 1884 1964
1
8769
5
250 1 1 3530 4542
4
897 1617 8644 200
7
2094 2897 1002 1 3490 9617 2042